==============================================================================================================
PLAN B: Lifetime sweep, 20-year NPV vs (E_cap, P_cap), three degradation scenarios
==============================================================================================================

CONFIGURATION
  Horizon per year:  8760 hours (365.0 days), repeated 20 years
  E_cap grid:        [450, 500, 550, 600, 650, 700, 750] MWh
  P_cap grid:        [125, 150, 175, 200, 225, 250] MW
  Grid points:       42
  Calendar aging:    True
  Replacement SoH:   70%
  Discount rate:     3.0%
  SoC window:        10%–90%
  RTE(ac):           91.0%  (eta_symmetric = 0.9539)

==============================================================================================================
RESULTS
==============================================================================================================

      E      P   E/P   NPV_noDeg      NPV_Xu     NPV_Shi  Repl_Xu  Repl_Shi  EoL_Xu  EoL_Shi  SoH_Xu  SoH_Shi
    MWh     MW     h        MEUR        MEUR        MEUR        n         n      yr       yr       %        %
  -----------------------------------------------------------------------------------------------------------
    450    125   3.6      106.00       52.62       53.46        1         1      12       13    79.3     82.0
    450    150   3.0      110.27       53.92       54.82        1         1      12       13    79.1     81.9
    450    175   2.6      113.19       52.77       53.75        1         1      12       13    79.0     81.8
    450    200   2.2      113.16       50.70       51.73        1         1      12       13    79.0     81.8
    450    225   2.0      112.52       48.30       49.38        1         1      12       13    78.9     81.8
    450    250   1.8      111.46       45.51       46.65        1         1      12       13    78.9     81.8
    500    125   4.0      108.94       52.45       53.38        1         1      13       13    81.5     82.2
    500    150   3.3      114.17       54.76       55.68        1         1      12       13    79.4     82.1
    500    175   2.9      117.48       54.76       55.77        1         1      12       13    79.2     82.0
    500    200   2.5      119.18       52.99       54.07        1         1      12       13    79.2     82.0
    500    225   2.2      118.76       50.63       51.76        1         1      12       13    79.2     82.0
    500    250   2.0      117.74       47.88       49.05        1         1      12       13    79.2     81.9
    550    125   4.4      110.20       51.50       52.16        1         1      13       14    81.8     84.3
    550    150   3.7      117.14       54.48       55.47        1         1      13       13    81.6     82.3
    550    175   3.1      120.67       55.37       56.48        1         1      13       13    81.5     82.2
    550    200   2.8      123.19       54.37       55.56        1         1      13       13    81.4     82.1
    550    225   2.4      123.83       52.22       53.43        1         1      13       13    81.4     82.1
    550    250   2.2      122.92       49.54       50.75        1         1      12       13    79.4     82.1
    600    125   4.8      110.94       49.58       50.25        1         1      13       14    82.0     84.5
    600    150   4.0      119.00       53.49       54.25        1         1      13       14    81.8     84.3
    600    175   3.4      123.30       55.01       55.82        1         1      13       14    81.7     84.3
    600    200   3.0      125.91       54.87       56.03        1         1      13       13    81.6     82.3
    600    225   2.7      127.61       53.14       54.35        1         1      13       13    81.6     82.3
    600    250   2.4      127.18       50.54       51.76        1         1      13       13    81.6     82.3
    650    125   5.2      110.77       46.83       47.54        1         1      13       14    82.2     84.6
    650    150   4.3      119.68       51.80       52.56        1         1      13       14    82.0     84.5
    650    175   3.7      125.24       53.84       54.67        1         1      13       14    81.9     84.4
    650    200   3.2      128.11       54.29       55.16        1         1      13       14    81.9     84.4
    650    225   2.9      129.85       53.22       54.15        1         1      13       14    81.8     84.3
    650    250   2.6      130.36       50.84       51.82        1         1      13       14    81.8     84.3
    700    125   5.6      109.44       43.26       44.06        1         1      14       14    84.3     84.8
    700    150   4.7      119.95       49.37       50.13        1         1      13       14    82.2     84.6
    700    175   4.0      126.34       52.04       52.88        1         1      13       14    82.1     84.5
    700    200   3.5      129.82       52.93       53.83        1         1      13       14    82.1     84.5
    700    225   3.1      131.61       52.40       53.32        1         1      13       14    82.0     84.5
    700    250   2.8      132.20       50.40       51.38        1         1      13       14    82.0     84.5
    750    125   6.0      107.65       39.16       39.93        1         1      14       14    84.5     84.9
    750    150   5.0      119.35       46.13       47.04        1         1      14       14    84.3     84.8
    750    175   4.3      126.32       49.67       50.52        1         1      13       14    82.3     84.7
    750    200   3.8      130.79       50.92       51.84        1         1      13       14    82.2     84.6
    750    225   3.3      132.82       50.77       51.73        1         1      13       14    82.2     84.6
    750    250   3.0      133.44       49.17       50.16        1         1      13       14    82.2     84.6

OPTIMAL DESIGN POINT

  No degradation    : E=750 MWh  P=250 MW  E/P=3.0h  NPV=133.44 MEUR
  Xu degradation    : E=550 MWh  P=175 MW  E/P=3.1h  NPV=55.37 MEUR
  Shi degradation   : E=550 MWh  P=175 MW  E/P=3.1h  NPV=56.48 MEUR

==============================================================================================================